1 5993719820833616079 0 16 a37JncCHryDsbzay
2 13918596576515562231 0 9 4cBWDxS22
3 3618914396553914859 0 31 jzhMaiRrV41mtzxlYvKWrO72tK0LK0e
4 6537537303683095043 0 14 zLOZ2nOXpPIhMF
5 11304955682700451570 0 22 v8kP07U20o0J90xA0GWXII
6 17361088754116049644 0 19 o7J4ogHFZQxwQ2RQ0DR
7 14332573307729595926 0 22 KRETPVzxlFrXL8b7mtKLHI
8 14997092967379339475 0 11 hIh5JuWcFwr
9 9994806703530907482 0 29 JKdE3t5bECALy3eKIwYxEF3V7Z8KT
10 12533700875769551439 0 20 0nFe1IX5tjH22F5gXOa5
11 17885577138936571695 0 21 nIMIQuOiNJj8YL8rqDiZS
12 12445866985817440555 0 23 ZfoEDAmGTXXqqvkCd5WKE2f
13 18176880587647031934 0 18 tVXa2zKae6opGY4i6b
14 8250858868556658042 0 20 uUG67LaSXd5tUbO4bNPB
15 7051813292852188535 0 29 TxnkWrSaQyUuEa0X9Q5mVwG4JLgei
16 1767481742521316925 0 20 eBlQtFFJpgHJYTrWz0w2
17 9259756225007952055 0 28 Qw1UFK8u2yWBjw3yCMlqc4M3tt2u
18 2491938635734999065 0 13 4cDzdiEvq8vmf
19 5344074246993793503 0 13 TZAPjUAZ6Cu86
20 2667364266947926404 0 29 AyYDamCCSQ7GX33A8WhGwRk40pHux
21 867560217357091303 0 16 f5JEItyS3QrBgOCh
22 13401398314573827369 0 18 KCDa6eIAd7RV4mBA5N
23 18032600798807985072 0 21 xJt0jk9N6L5cdFnDLSWV3
24 17779663757886299394 0 22 vYghhol4EgN5e4poSt7VVl
25 10261688091852239382 0 23 Jw5jSYm4TKi92Ws4iYQoCSb
26 10202624969552343847 0 29 sV6Nyp5Fl8wCfiE81uF1O736dRsou
27 14749412721665273759 0 28 mmxq8tfB7PK3Zzmn5lhLm5Qn92F2
28 16045657485503320491 0 21 9UatPR1G4DNRVR0SBlXwQ
29 17668586124367576132 0 23 gTFRdHgd5n5ffS4gi9r6YKV
30 91810742187213658 0 22 mgIIaj8ECLfncKQh5TLkvP
31 9801681158701875008 0 10 cYEg5ZBeJp
32 10688984440890276868 0 17 bNdiZq3CbeW2JcTeK
33 17088985055416585771 0 26 4j1ayffXqHqdCQ0n8Xb9jDnEF7
34 1038721383253067966 0 18 ij85ls4MqjzLXF9APZ
35 12102466277338313456 0 8 CffopP1a
36 5987274444189553779 0 25 EfRuPX0AP2UDmSWHhgS6DaIrE
37 11703193830828417504 0 31 eb5EEJudCHACPYCulwMIE1wg57ENyQS
38 5107280666050802972 0 12 1VpFnjqz019P
39 5975722719921045773 0 16 LHIIbYWaSAfaM3Wn
40 13232801989592106790 0 22 7oyw2jdsibrryODEhTpFzQ
41 3888522145932557797 0 30 73GT6kGXr5Ul7DOxwxplwDyAuRx8OL
42 7194362150196589436 0 14 VP2zTmDzeITNNe
43 14684405210113795155 0 15 LYh8KbLIjEihK40
44 12794699692606951210 0 28 aNAXrwkoY1HwMtgfSLnmx72gLiLf
45 15442091321185664965 0 10 KlLhtsWpaK
46 14512188255910287570 0 18 ZZGwTubvFNhAUhppQA
47 16069456809926747971 0 17 DSBYA4OetwzDWYTQz
48 423193964805197330 0 30 zubMZlqHadfj3sBEOJIkyAevNATpYR
49 12458011619392997520 0 22 YLlutVj85MnoOfyc1HvlF3
50 5617823247609439907 0 9 8QYaD41Oc
51 12936565612853753899 0 12 7VDcELgY8Swl
52 1195145851022337921 0 22 XmiQVvTt4rPe5RdR4xYXB9
53 1977571326083640627 0 16 UpHdHCMgj7O7aHaR
54 2844113572840163228 0 14 RovWGYvKUUrfba
55 5656631497235316835 0 27 Qpif15LiChpkxNCGp0AJGgFYAhP
56 12374846011094352936 0 20 IxvgndJmgfTqKGbHenWR
57 15721340901379785645 0 17 gk2KxaVeyGuv9Yins
58 16668379423444315112 0 15 RVwIpCt7qedHPH0
59 16754461858591479344 0 26 bx04awLSrS1YFr1fMvx97oGwQr
60 14489342741472589960 0 32 p89Di5Bmf757yY6UlvTQHOLRU9fQZXZN
61 12347377133328902321 0 11 hYLmj6RqBWm
62 8019082039626972775 0 19 bHRWkrm9BBbIqzqLYDz
63 17232887606328974327 0 9 jK1SQQIav
64 5651292921986945872 0 25 HWJi22Ym9jxkzojp7F06TjRUB
65 11973530929437886492 0 28 tRPoUfKlLKnr7uY2eYqLNwbO247R
66 4660644392407840185 0 25 HHNieBAHTwdohUtc3vEbkYyg9
67 2704504499151264033 0 14 iBS8fjP3P1EYJi
68 17038597094896382980 0 27 wU9ONjRGw00UxgbHNmjVRQsUotj
69 4568781526486419076 0 8 APo4txTE
70 10634275212699066893 0 31 sUbrT3o9e5UQnxpBnIzfzLpO9uF5LTi
71 3740499075308874733 0 20 vH4OKqWywyMhw9sjRsOQ
72 15111225390245605584 0 8 CmL61ORS
73 13781940724601822923 0 24 cONfmhVGdPFx6B4xsWpFu0Rh
74 10263307365754854451 0 16 Vihu9nWX89HndWQ2
75 6705606517152012923 0 18 L7uQ4mutzmrQT9tAqn
76 11569471936821858239 0 21 cIoiR3W4Zw5KGCCeExW5w
77 6373489111555615831 0 29 wLm5Euu2BUKzCj0ioadrsr15VF21K
78 280076544466711765 0 21 HEH1KWvCY6es3qb2XNa8C
79 9846758980160499111 0 8 zDVUSVTm
80 15085276797831433647 0 15 i1jkJFfTlk7blvB
81 12507369303972169147 0 18 SYLajmXwHzNlS7DB6u
82 4968592081874667851 0 29 P8WqtGvV0rglHC5qtrNq6NBrnI2wP
83 7707046761195772953 0 13 pm3MbuaWPYN3K
84 17850299783469388569 0 29 EPT5EqtKB4CzNEtk9jWC377dcUCzW
85 8166087909283964200 0 18 cir5n5uhP5jZ26mwov
86 4808866585277739015 0 13 J6gOBH0dR09ta
87 15814093311607584976 0 32 kebnWGBZzkc4WWsQ9BWnah2aKUYSN7F6
88 17951200116583604252 0 29 qtF62o6nO8Hu0h1CBmkspKBJrbeyq
89 17313305914332482064 0 21 hfcwjekpP9vf1wM36YpqO
90 2083495885918416931 0 25 8Xvz8YvxIccsWLVH9sO4XNyuO
91 4682966972940469268 0 21 QCuoo3Ki0SGwNWYxP5JsK
92 12339299260419366443 0 31 kgSG3R8QVYcOKQRc8R5ONQvuOIxf8H5
93 7694374861092098768 0 17 vV6wwEMQkyo3PFfVe
94 8381289812594550187 0 18 u09nuV3rAB6F1zk6vf
95 9356361499874742710 0 24 I51Gt2d6f9kO1iVocyrR80VL
96 2005589202847387391 0 20 U35QiOglPweRai6hTSi9
97 17232322478391877177 0 19 WmtLB1LfKK9OQX6mDsB
98 6935462521739512566 0 11 UagDgNe75n0
99 14508987648719436575 0 9 XuujtDMEX
100 10330475244126754838 0 32 cv1ghCYqK1Q0E5NqAQbAz94tqw4CAafk
101 15442091321185664965 1 
102 10634275212699066893 1 
103 280076544466711765 0 13 9yQAATV0dublt
104 11147217418592893934 0 16 lYkpiuPMet042r11
105 17641384953592874882 2 
106 10202624969552343847 1 
107 3776237366912126718 1 
108 91810742187213658 1 
109 12844456009715452300 0 12 TWfFON39unwa
110 9994806703530907482 2 
111 16668379423444315112 0 24 xLFmNGlIguQYVV01AFNWIWO5
112 14684405210113795155 1 
113 7563583534923557313 0 9 v3yqODcjR
114 18081835613367974805 2 
115 4682966972940469268 0 18 Qelvcl4r8Y7dwC4sup
116 16069456809926747971 1 
117 6693696692935172759 0 9 J0E1Pa3Vq
118 4660644392407840185 1 
119 17232322478391877177 1 
120 6537537303683095043 1 
121 14508987648719436575 1 
122 12507369303972169147 1 
123 11147217418592893934 1 
124 6537537303683095043 1 
125 14489342741472589960 1 
126 10634275212699066893 1 
127 9994806703530907482 1 
128 15721340901379785645 1 
129 9994806703530907482 1 
130 4924476225773627280 1 
131 7694374861092098768 1 
132 12533700875769551439 1 
133 13070668688089787236 0 27 QgInPb9x14c3sT8ZC14si8pKQmO
134 4682966972940469268 1 
135 5617823247609439907 1 
136 14315299137317799372 2 
137 6935462521739512566 1 
138 9499619509373697887 0 16 q4tp8VrzwxY8yaye
139 9801681158701875008 1 
140 3888522145932557797 1 
141 357206007286558843 0 31 OJHLToaOlOTcEZ65Y2259yf7dMtaQRt
142 10017162571804427945 1 
143 17779726195066995225 0 27 8Cxibi62IKbON8PNDYMqdxAXVbw
144 18286092922044894249 0 20 fXWsUERAITSd2ryAEMLk
145 13929598630320476030 1 
146 13405839823861335887 0 14 dKs6vpUHU1nKTz
147 13232801989592106790 0 11 A6tDvpN7Bjr
148 17361088754116049644 1 
149 9272509644919633730 0 32 D5W9szOK0CdS9M5PX9Gk2657Fmy5f9Tr
150 17779663757886299394 1 
151 4682966972940469268 1 
152 17093078582390630810 1 
153 17449545393021059754 0 22 xYzPgMT3raKZbOeidPhg4o
154 3147336238500270824 1 
155 12432388017813834172 0 28 8t47GQ2mQQQmtUbRmA2AmllBQQEE
156 12374846011094352936 1 
157 17668586124367576132 0 9 GlFglz6BO
158 15111225390245605584 1 
159 5028637157562900275 0 26 UeZWmMFXVdxjpTr19oHs1ye04n
160 17779726195066995225 1 
161 5835478820019026615 1 
162 3740499075308874733 1 
163 14332573307729595926 1 
164 6373489111555615831 1 
165 4682966972940469268 1 
166 14684405210113795155 1 
167 8250858868556658042 1 
168 4968592081874667851 2 
169 4660644392407840185 1 
170 13464652974254864101 2 
171 6373489111555615831 0 11 mV5k73muQhk
172 10367280400267594124 0 12 2Rur18t7pW9E
173 15442091321185664965 1 
174 10786133465225052773 0 9 GYGlbyqfk
175 10656351533065771784 0 32 STfSW4KL6QEBDiKSiywAFTQy2Oph8YiY
176 12844456009715452300 0 26 XQGqUg4gsl0KRxGbAhz8kNxPTT
177 13211674972507967244 0 31 VUw0uBrPpt3he315yGe8xdHhyC5SgDQ
178 14489342741472589960 1 
179 11427624963089995789 0 17 ZV0wLsz2U14azIE8F
180 8381289812594550187 1 
181 7183864354895573147 1 
182 1195145851022337921 1 
183 5656631497235316835 1 
184 1305089026000510126 1 
185 16248449830707934718 1 
186 15935377318189171156 2 
187 5617823247609439907 1 
188 9739651960825784091 0 12 PSQMnILonKsL
189 7051813292852188535 0 22 QNNlICGGQSR3kJ0ChSd3Gv
190 12458011619392997520 0 18 hs1z0ZNNu6e6MuVoKY
191 16668379423444315112 1 
192 17779726195066995225 1 
193 2624101461849596724 0 12 MLEGiGwN8wK8
194 1195145851022337921 0 20 Nl8U70zuKXRw3AE3XYGl
195 17313305914332482064 1 
196 14217751359049410346 0 27 dbvj4aDSLLuQKrKeOlYPunSRLgA
197 1038721383253067966 1 
198 1977571326083640627 2 
199 5617823247609439907 1 
200 17361088754116049644 2 
201 9739651960825784091 1 
202 5617823247609439907 0 25 4pIOgd12MZRGMsffYpChdIV4H
203 5124279147608078847 1 
204 7563583534923557313 1 
205 17779663757886299394 1 
206 3846491378852165645 1 
207 3618914396553914859 1 
208 3518679643648253681 0 12 zaC1wjRB4Joj
209 7694374861092098768 1 
210 1458170332593503406 1 
211 18286092922044894249 1 
212 15924487986318256639 0 25 JS1qIjJzWcyhZYrYSaxbeEQM4
213 8405477007327773943 1 
214 3958047503046057956 1 
215 2491938635734999065 1 
216 2005589202847387391 1 
217 10367280400267594124 0 13 O9Gg6mG2RpaGL
218 10786133465225052773 1 
219 11147217418592893934 1 
220 14657000249802508330 0 30 2pZ236JSerIBDPRrVC7Xbu5sE6jXgC
221 18286092922044894249 1 
222 8250858868556658042 1 
223 3182111741785545751 0 15 i1TMqkV19vtd7y8
224 2844113572840163228 0 24 a5IHcwSecQEKRxLtH9dn8kgz
225 8381289812594550187 1 
226 1851505668582811152 2 
227 15111225390245605584 1 
228 15146435191032489325 0 29 2u0HUwj8Y7LqZIBQXI3IQlyQ9jMdB
229 15924487986318256639 1 
230 15215914130074648840 1 
231 10830341171523140388 1 
232 2258956187377985548 1 
233 13781940724601822923 0 22 CdlJybqEkGk0H0O3zmAg8n
234 13069009033967536214 2 
235 8166087909283964200 0 30 IPXnchPLyLupYc3IaJIyKFlSwrFn7J
236 10688984440890276868 0 10 NBI4ab0vVp
237 8166087909283964200 1 
238 9460444591931909955 2 
239 13520524303921906814 0 26 80bQDMs9C7vJQlg66rM8Px8JQw
240 3473947264924557886 0 13 nU8tSjJf4BnGG
241 8250858868556658042 0 28 TFiZ54hU1pnPjYsU00NShe5lpsz3
242 2083495885918416931 1 
243 9994806703530907482 0 20 PYrRDJQ37pkdfFdfc3LH
244 9730999080832287452 1 
245 4568781526486419076 1 
246 5591301425322978396 2 
247 17740442777848702251 0 18 ZcnZMD7DcLX3Mcq6FW
248 15442091321185664965 0 19 wtUDzZFydNWDB5aMCly
249 3518679643648253681 1 
250 17985946911902477494 0 8 qqw5MHvV
251 13781940724601822923 1 
252 423193964805197330 1 
253 3740499075308874733 1 
254 13567199366446091034 0 24 8zGLAJtUUfRztQpkGlnc2h6E
255 5344074246993793503 0 9 FbEyjCC2K
256 8166087909283964200 1 
257 4568781526486419076 1 
258 15721340901379785645 1 
259 6324561459746096671 0 25 emAtXwTYdZk6dKKCXIvjSw3yq
260 4682966972940469268 1 
261 9052938345361734410 1 
262 13567199366446091034 1 
263 9272509644919633730 1 
264 4568781526486419076 1 
265 8785632843407526405 0 9 s3gVdObGg
266 8381289812594550187 2 
267 8250858868556658042 1 
268 5344074246993793503 1 
269 18032600798807985072 1 
270 12458011619392997520 1 
271 1440132497686981607 0 26 VTpNFYzB871BlWm951ozSz8muk
272 10656351533065771784 2 
273 8166087909283964200 1 
274 2624101461849596724 1 
275 1767481742521316925 1 
276 9738152161460888230 1 
277 5107280666050802972 1 
278 8785632843407526405 1 
279 16045657485503320491 0 21 BvSv3VwrSMqb9iJAWcF5O
280 357206007286558843 1 
281 14931879382322395224 1 
282 1676433405262552627 0 29 cTNmPWhpQkLMbnjSMq8gyfIBkhyCC
283 5656631497235316835 0 23 yuYLOGBoyU9aFq0cg8GclYn
284 8381289812594550187 2 
285 15442091321185664965 2 
286 12432388017813834172 1 
287 18032600798807985072 1 
288 17642331395403016988 2 
289 14512188255910287570 0 12 VvgJtASRQIR0
290 18032600798807985072 1 
291 15442091321185664965 1 
292 13070668688089787236 2 
293 12411904848214349871 0 9 03VMHhURo
294 12350624443781190104 0 29 J6bayk3P8Jp8ENMmg84T68wSNcxnQ
295 5253078956772509385 0 11 hBJH93IYBaN
296 4968592081874667851 1 
297 2137290337216448109 1 
298 6705606517152012923 1 
299 10367280400267594124 0 8 qqllH6NC
300 5253078956772509385 1 
301 14323578562798999479 0 24 SRvjaw078aSNO9zwWjZKXI3m
302 1186296082242479286 0 29 yGBDsbenLDjLIpviDHrCDNtngQ3jB
303 5107280666050802972 1 
304 17740442777848702251 1 
305 11973530929437886492 1 
306 11384629546238808820 2 
307 9499619509373697887 1 
308 6373489111555615831 0 22 3VSrOA2f2CsN5d3Thne7vk
309 12088280281232023913 0 25 4N33jFDlkda8ocnooeBrHDIw0
310 14684405210113795155 1 
311 5028637157562900275 0 17 3jG7lxMwg5aGDMszA
312 280076544466711765 2 
313 14217751359049410346 1 
314 2624101461849596724 1 
315 4968592081874667851 1 
316 13458276165628742382 0 14 tNIjRzzWkvqfbv
317 6373489111555615831 1 
318 17875822860799242199 0 13 i4jLh2mXZWM59
319 3985890594692941435 1 
320 13405839823861335887 0 20 qPuM7nAmP4zF9YvDFGsI
321 1676433405262552627 1 
322 17779726195066995225 1 
323 7547567701957356933 1 
324 9706615391328969320 1 
325 5987274444189553779 1 
326 867560217357091303 1 
327 1038721383253067966 1 
328 2844113572840163228 1 
329 12558002865602746246 1 
330 10261688091852239382 1 
331 1038721383253067966 1 
332 11304955682700451570 1 
333 7882602666717870871 0 27 pp425IuLJHCp14SvOUlVwSxTzZm
334 280076544466711765 1 
335 18032600798807985072 0 22 t34wLwHfDRSDTu8pOrLIIG
336 15111225390245605584 0 28 W54Z44Q58MR2b4D2UQUOWJkMc3es
337 12374846011094352936 1 
338 5656631497235316835 2 
339 12224901765857524523 1 
340 1038721383253067966 1 
341 18176880587647031934 1 
342 15766317431638966436 0 22 rbVtCX7D1VfN0y8KZ9wPvn
343 7882602666717870871 1 
344 6324561459746096671 1 
345 17985946911902477494 1 
346 3618914396553914859 1 
347 14997092967379339475 1 
348 14749412721665273759 1 
349 11176272831871155326 2 
350 13104963440805778818 0 17 ODnrsBrqJ9NS5nLsq
351 17985946911902477494 1 
352 12458011619392997520 0 18 8m3YbKnb69ot0g4qVN
353 8417034927302405887 0 26 n5d7xTcX66oCsriR9V3Fep9fWD
354 13405839823861335887 2 
355 13070668688089787236 1 
356 7707046761195772953 1 
357 8229132734256480515 0 9 PTy2y28mF
358 2753114354205153226 0 12 xNlTO17E8kiL
359 13454063880391145240 1 
360 15721340901379785645 1 
361 8567559110548385918 1 
362 10330475244126754838 0 15 3ac2ab2iLHevD0f
363 17885577138936571695 1 
364 8417034927302405887 1 
365 14657000249802508330 1 
366 12936565612853753899 1 
367 1753791614869601190 0 22 1yLa7Vdh7dIggy0vbt8bYm
368 13081396225399021796 0 12 WYy0q4hq01O7
369 10634275212699066893 1 
370 10634275212699066893 1 
371 15442091321185664965 1 
372 2005589202847387391 2 
373 3740499075308874733 1 
374 1977571326083640627 1 
375 17555846515527008589 1 
376 9739651960825784091 1 
377 4200512032568450623 0 32 8sbgrbVvHLvIh0mgoNHrdYsrjUz2ff5n
378 17361088754116049644 1 
379 17088985055416585771 1 
380 4568781526486419076 1 
381 11003721619444790501 0 27 G8lx8XdvtvmUReKA8JCnwGYRx0m
382 16045657485503320491 1 
383 14098661223901534381 0 28 DAQ8GwkBndxF4ZZDhqNSmdzCYzyk
384 17668586124367576132 0 31 85nFMjzVUcRke0Jrg8F6ss54R5090yW
385 13520524303921906814 1 
386 13401398314573827369 1 
387 15924487986318256639 2 
388 17313305914332482064 1 
389 15503067530362604722 0 17 KDXKVM0dZ5TSAYrDW
390 13405839823861335887 1 
391 7563583534923557313 1 
392 16828035297900956991 0 8 jdviuoCm
393 13365955495244280470 0 11 HRsePTDUvdf
394 14749412721665273759 1 
395 1038721383253067966 1 
396 16754461858591479344 1 
397 3518679643648253681 1 
398 7707046761195772953 1 
399 10506301460600236116 2 
400 15406871128392929382 0 24 IpgScmqtDgVd8j73KkUnZRDb
401 9154970557072522073 0 29 vpeqfueLNE7D5Jtbw1I12ckWNJwZs
402 14217751359049410346 0 24 bFbG9DZWRehXvb8raOrbyZ7M
403 5107280666050802972 1 
404 9729360163703945872 0 19 nWTOl4csI9Phl6EhfKW
405 14393244926444766948 0 18 Npfuu1kwwQjSt5Byf3
406 867560217357091303 1 
407 3550761916368823635 0 28 XV8E8QlM769m12njyhAf71iIzLJB
408 13070668688089787236 1 
409 17318381540436334495 2 
410 17088985055416585771 1 
411 9095998281876687665 1 
412 13520524303921906814 1 
413 1440132497686981607 2 
414 8512721823244164130 0 16 gpSfrDPnuXQ1Y8HW
415 8512721823244164130 1 
416 17088985055416585771 0 27 iDWt4rTeX9KLc0ApNwksMjOTzuu
417 6705606517152012923 1 
418 13365955495244280470 2 
419 15889510196780925794 0 21 NAgCdKkmc3MaDCv7ulUbA
420 7194362150196589436 0 27 pAaI1ruMzaZasHKTKh3Vrxdli5M
421 14657000249802508330 1 
422 9739651960825784091 1 
423 12936565612853753899 1 
424 1676433405262552627 2 
425 14332573307729595926 1 
426 2624101461849596724 1 
427 13211674972507967244 2 
428 423193964805197330 1 
429 5656631497235316835 1 
430 5981962159569774617 0 16 Vny1ctcLZhhQhaHU
431 12432388017813834172 1 
432 13081396225399021796 2 
433 12794699692606951210 1 
434 9846758980160499111 1 
435 8250858868556658042 1 
436 14323578562798999479 0 23 6YmrUlTLNou4TIj4ZDiIoPH
437 10634275212699066893 1 
438 6693696692935172759 0 29 RAnXgZM8KpTfdOj7gQ9GdrWRGlolC
439 5257685781600228537 1 
440 11574747251834416633 0 32 U598eWHwLkbx6I2niB1J2VjGGVzSpH4J
441 17779663757886299394 1 
442 14076078000300765753 0 9 igs3RRyVj
443 7882602666717870871 1 
444 13401398314573827369 1 
445 16045657485503320491 1 
446 9259756225007952055 1 
447 12844456009715452300 1 
448 14512188255910287570 0 14 TkiX13lRzT7sVW
449 15503067530362604722 1 
450 17449545393021059754 1 
451 13476330551518389345 1 
452 13466022536529875565 2 
453 8250858868556658042 0 11 7nKXELTdoDK
454 15020033594658588980 1 
455 4808866585277739015 1 
456 5610933650617118603 0 19 MWlCzGWRGXtYvU61HPY
457 1767481742521316925 1 
458 7194362150196589436 0 9 DRpQmu47P
459 15766317431638966436 1 
460 15040162879815587934 0 20 nnJIgsEBwDQLlu3j0ZuP
461 15146435191032489325 0 12 HOHgBY3DMqWe
462 6091105348907775267 1 
463 3618914396553914859 1 
464 9349348762359350570 1 
465 280361119035760915 0 12 6enzgWzFQOei
466 5448989710111133873 0 13 4naDMdQgSxIzJ
467 17740442777848702251 1 
468 10656351533065771784 1 
469 7403310110951171208 0 29 vgvRf8p2lXYfbMFpgrFKJCcGUjt6s
470 3473947264924557886 1 
471 14512188255910287570 1 
472 6693696692935172759 1 
473 2624101461849596724 1 
474 17232322478391877177 1 
475 3618914396553914859 1 
476 10367280400267594124 1 
477 2624101461849596724 0 27 wRnCj6MLKq3BvvkCgzPtpiuioS9
478 17232887606328974327 1 
479 4660644392407840185 1 
480 2040165395335555975 1 
481 12936565612853753899 1 
482 5107280666050802972 1 
483 10263307365754854451 1 
484 13232801989592106790 2 
485 18176880587647031934 1 
486 5448989710111133873 1 
487 13365955495244280470 1 
488 17313305914332482064 2 
489 5656631497235316835 0 11 M3f2p7BKh3o
490 14179245320613267447 2 
491 91810742187213658 2 
492 17850299783469388569 1 
493 14436935345330704047 0 24 d0oyqYDNX5ustEuWGjeP4JQq
494 12432388017813834172 1 
495 4808866585277739015 1 
496 14217751359049410346 0 29 bE9Z4flPCqJ3hVxEjeq8i7WWdEN0E
497 11550757456794810546 0 21 qnRPp78EHzWIe1FsjsgrY
498 16069456809926747971 1 
499 10261688091852239382 1 
500 8229132734256480515 1 
501 4660644392407840185 1 
502 6324561459746096671 1 
503 6089230010939747392 0 20 60ZD9oT6KlkJzb2rFsN3
504 14098661223901534381 1 
505 15530401311928578355 0 32 tobqVCdZDClKyEQIx8auhcjxU7ygZNVQ
506 4765706746565281319 0 20 HeHsES2zm1BAH8Gp3ySm
507 10719979186344613226 1 
508 238315801539556313 1 
509 3082337799297302703 0 19 bRC4pM640LwCnx9ZyIj
510 180520813055169937 0 17 y3QuTAnL4cuTowGA3
511 6089230010939747392 0 9 HJCCRj8jR
512 9579664418343726344 1 
513 12339299260419366443 1 
514 12347377133328902321 1 
515 7707046761195772953 1 
516 14535742529648336980 0 10 9jg4CS0Sd3
517 15503067530362604722 1 
518 1735782078023753389 1 
519 14489342741472589960 1 
520 17232887606328974327 1 
521 8115377105673792714 1 
522 11458647837382887200 1 
523 3518679643648253681 2 
524 13104963440805778818 0 21 73nQrSU0BA4Nb3nC4ZwUa
525 12441914250691022187 0 19 nOM7W4nkCqVcfx5e8Di
526 1796102910234379 1 
527 17951200116583604252 1 
528 10367280400267594124 0 21 ouIMqL7ChFil2SxrwYWtd
529 2704504499151264033 1 
530 4979080622297659250 1 
531 1195145851022337921 1 
532 8166087909283964200 1 
533 12350624443781190104 1 
534 5344074246993793503 1 
535 17779726195066995225 1 
536 5975722719921045773 1 
537 18280844351038243013 1 
538 14332573307729595926 0 32 BEODeK2aqXURfUFUzs5iURC043K2zqfA
539 754905271733346511 0 18 LiMMHCtjbYDq3Ah6q9
540 1195145851022337921 1 
541 17624737469890871597 1 
542 17088985055416585771 1 
543 12936565612853753899 1 
544 280076544466711765 2 
545 14657000249802508330 1 
546 11060765886321381978 0 13 SzaoGkhzLEA9F
547 11304955682700451570 1 
548 8785632843407526405 2 
549 10367280400267594124 1 
550 12432388017813834172 1 
551 704029789340674927 0 22 VtHk5O3Jr1tfHdLFwXP5mi
552 1400905053008057308 0 16 urp6wALP1a84z9Nq
553 5253078956772509385 1 
554 17313305914332482064 1 
555 10367280400267594124 1 
556 13405839823861335887 2 
557 2743953851640801882 1 
558 7368823408535885105 0 17 7liAfayjU84t7f1Bc
559 8195004127890369322 0 8 SLkxjZmO
560 423193964805197330 1 
561 8564113540553834820 2 
562 9579376082532522423 0 26 ApLnPJUtPZkWCmfovBEEt9ySvK
563 4125651783003695416 0 22 jrEteXe3r9uGgclqMQcHaq
564 10398089556062486618 1 
565 176352947816495525 0 21 QutkcsUR4L5by6S5yjlbS
566 12102466277338313456 1 
567 8940058522359715363 0 14 DOzhqw7inpKdJm
568 8381289812594550187 2 
569 8019082039626972775 2 
570 7373808987192346380 0 24 jeuQPVswTj5e72LxwQfkFyNX
571 3473947264924557886 0 14 XKhT3LOUitKeK1
572 17740442777848702251 1 
573 5448989710111133873 1 
574 4200512032568450623 1 
575 17850299783469388569 1 
576 14217751359049410346 0 31 elQMmYt6DN9WlbEcwqxvXv4ED7tsnHl
577 1977720311596990347 2 
578 4682966972940469268 1 
579 11973530929437886492 1 
580 14997092967379339475 1 
581 16045657485503320491 1 
582 13906274056051592279 1 
583 7715380809859925869 0 31 iZcLTQIOvBR9MW1DJIyiG8T2p5sk3p8
584 4200512032568450623 1 
585 15406871128392929382 1 
586 10688984440890276868 1 
587 7707046761195772953 1 
588 5616453988376905651 0 25 dCs9D3QT26jAXjxaZhdPoPlXT
589 10202624969552343847 1 
590 3550761916368823635 2 
591 7707046761195772953 0 17 sCT5GtZGzGOU0L4Z1
592 7124307925097181567 0 22 n5gIYFwOyciKUtnX7e6NbL
593 3228392821784861106 1 
594 8019082039626972775 1 
595 14997092967379339475 1 
596 10263307365754854451 1 
597 17873140808858565983 0 10 quV8Tk5pif
598 18286092922044894249 1 
599 11304955682700451570 1 
600 15503067530362604722 0 31 Plr06a3PeCHi06YubhNJkBzPhzW6kAa
601 6089230010939747392 1 
602 14098661223901534381 1 
603 13567199366446091034 1 
604 2932244619693345947 1 
605 15040162879815587934 1 
606 10124804927658639331 0 12 LLiuFIZbbHmb
607 8652206869773740600 0 17 aAXJK7SEYYBZiWC18
608 5448989710111133873 1 
609 226160142548537889 1 
610 8060492361857845453 0 31 8zBiExJsOr2vAK2bYY9i7pCHrKpD8Dn
611 14332573307729595926 0 29 xOrEGF5I8Gb8p7gypll13cJqoS2Zh
612 18286092922044894249 1 
613 159559071345377942 0 26 Lqpbv6h9hoyoUucEgbFGv34N5e
614 5987274444189553779 0 29 erRUg0PkiXRWVEyOqC4RPKMTNhYzj
615 18021210861277198067 1 
616 2491938635734999065 1 
617 10846222976060390677 1 
618 14274613149799014535 1 
619 8044514529297245399 0 29 XD4FkUjDihZWsdxHwIkJxHGf5L0jr
620 15924487986318256639 1 
621 17740442777848702251 1 
622 13564313821684914614 0 16 jXKuD0Ujs5f71xqI
623 5987274444189553779 1 
624 4200512032568450623 1 
625 14436935345330704047 1 
626 9994806703530907482 0 18 Mu7Nwh4T1wfzQOrU3z
627 17038597094896382980 0 14 mtuIQ4AyytKqyf
628 7368823408535885105 1 
629 11427624963089995789 0 23 cte0FWUHTyFGi8A0XCAT83m
630 16303083832173036501 1 
631 14098661223901534381 1 
632 13918596576515562231 1 
633 18160482212696129308 0 9 Khmzh0TCH
634 17313305914332482064 1 
635 5089248944189049809 0 25 sdIq8U1bd2Na4lHkqB4Xv1EvU
636 8250858868556658042 1 
637 704029789340674927 1 
638 18176880587647031934 1 
639 16754461858591479344 1 
640 2970466122730883362 1 
641 9816091728378187486 0 31 LEzyELYJ6n1wy3Rs5dnZ2wyYdWvtN6H
642 12936565612853753899 0 17 eWbAnfxobuq0mveXS
643 17797695962332990257 2 
644 14098661223901534381 1 
645 2704504499151264033 1 
646 9739651960825784091 1 
647 17554082193966668537 0 21 BEwTTa04inifaHXQIJJwp
648 17779726195066995225 1 
649 6089230010939747392 1 
650 1753791614869601190 0 14 qIL1VFTypR0VCi
651 1522554779025985219 0 8 0gAIxTCm
652 5656631497235316835 1 
653 1195145851022337921 1 
654 5381754783445832814 0 27 QMijMByp9lGAGSqODq4N60pIm22
655 15889510196780925794 1 
656 9356361499874742710 1 
657 16393855709980119052 1 
658 1682478748970041663 0 21 UF5Q2FBGNPjDnu4qFAq2R
659 17670085629138599747 1 
660 12374846011094352936 1 
661 11060765886321381978 1 
662 13520524303921906814 1 
663 16171734311442468060 0 20 Vc7b2AoBQBa7OOzQCFZ2
664 17740442777848702251 1 
665 4200512032568450623 1 
666 6693696692935172759 1 
667 9302063372727326211 1 
668 1380639267942457345 0 21 qO5QTgTbSc0dD70Z5OlIx
669 12125202030566055573 0 13 xNpRMVvwJH1ji
670 1977571326083640627 1 
671 8250858868556658042 1 
672 9496410593790506989 2 
673 12088280281232023913 1 
674 17850299783469388569 1 
675 15721340901379785645 1 
676 11569471936821858239 1 
677 15721340901379785645 1 
678 5651292921986945872 1 
679 3473947264924557886 1 
680 15442091321185664965 1 
681 9801681158701875008 1 
682 17850299783469388569 1 
683 6324561459746096671 1 
684 10205452286825282687 0 24 ZHKjbQUv8QIqvnxBXzCp0ZvP
685 10917972320392068320 1 
686 1440132497686981607 1 
687 8019082039626972775 1 
688 10347595618037263354 1 
689 16063177044526409532 1 
690 9942563568483239509 0 31 qb7E40NUIBQ38Zb5kO6JHTYlBQ6Qw0y
691 16045657485503320491 1 
692 7707046761195772953 1 
693 5253078956772509385 1 
694 8278115790542406596 1 
695 6537537303683095043 1 
696 12411904848214349871 1 
697 9680779218580737062 2 
698 2667364266947926404 1 
699 13405839823861335887 2 
700 17313305914332482064 1 
701 11282163346832648579 1 
702 13818094004164254313 0 11 EdLO3RoyPlg
703 12347377133328902321 1 
704 9272509644919633730 1 
705 5448989710111133873 2 
706 7051813292852188535 1 
707 7403310110951171208 1 
708 242454735861541237 0 31 KWg7rSERern2sCpocaVbO8DE4wQTAyU
709 7694374861092098768 1 
710 17361088754116049644 1 
711 3742615685498988213 0 30 miFbVFRg4GGclrzr2DvweO5cqX417N
712 14512188255910287570 1 
713 11427624963089995789 1 
714 8716596167687084900 0 11 2uD4ATftIek
715 1977571326083640627 1 
716 9418309084334387029 0 21 T0K3rp7qxSPmWCF3C9GEH
717 18107158341963995033 0 10 8zXsFNUUqV
718 2472361585571834747 1 
719 17875822860799242199 1 
720 9715332646631010699 1 
721 614775802564290052 0 22 XQZJulWxvdBAsq30pZr4wL
722 18362421059190746821 1 
723 1440132497686981607 1 
724 15442091321185664965 1 
725 17779663757886299394 0 10 KM0uesdAnZ
726 9846758980160499111 2 
727 17873140808858565983 1 
728 5993719820833616079 1 
729 11003721619444790501 1 
730 867560217357091303 1 
731 17449545393021059754 1 
732 13693990256317765429 0 22 weQYmF67c4zGwaOj7AfopR
733 15889510196780925794 1 
734 2708654457707828396 0 27 yc0lkuP8QAOXHybEEWocFwltkaK
735 1186296082242479286 2 
736 1524684734737968799 0 9 yv2jdw7mM
737 13567199366446091034 0 8 W6TiIzUs
738 2828458653514981115 1 
739 9801681158701875008 0 30 7BOMBhQ9aSrDMwxjB3cf75LP2pGFEt
740 17850299783469388569 2 
741 6373489111555615831 1 
742 17875822860799242199 1 
743 3618914396553914859 1 
744 14323578562798999479 1 
745 9356361499874742710 1 
746 14997092967379339475 2 
747 13526006325532627640 0 22 aI6AvDEGbG5rTHioalUGyq
748 3888522145932557797 2 
749 4568781526486419076 1 
750 16171734311442468060 1 
751 15814093311607584976 1 
752 17943786356165564855 0 8 uzMpAa5l
753 8166087909283964200 0 20 IQL4y4WC2KUK4HpssRl4
754 7358157738055506303 0 24 Q6ty9ckIF2gY4eabrbtJvxal
755 12441914250691022187 1 
756 17875822860799242199 1 
757 11304955682700451570 1 
758 7083540813645513197 1 
759 5656631497235316835 1 
760 5651292921986945872 0 11 lb2yciUgK3F
761 12432388017813834172 0 10 TX41IsUTSz
762 13693990256317765429 1 
763 17361088754116049644 1 
764 8785632843407526405 1 
765 11147217418592893934 1 
766 6358448075670782639 1 
767 5028637157562900275 1 
768 18429527397370008134 1 
769 415246236605943544 0 9 dI0rPcysA
770 385142293601192638 0 8 SvMtLKq1
771 415246236605943544 0 19 wdKHvpEslpAjeaMcQWf
772 9799863787269455656 0 22 Ydorveq70c1ewGXkSPVIYC
773 3888522145932557797 1 
774 3709222807553572290 1 
775 16069456809926747971 1 
776 602796255767224966 0 29 nxiOlXJNNOOzQ0tgXd9u6PSJJYpo5
777 18286092922044894249 1 
778 1676433405262552627 0 27 EYBVvYtHVHFPyk05f7S7OleDYh5
779 14193081722369622718 0 23 sBjOMEIt5XONnlJVkOArqGD
780 9250304461618620861 1 
781 15814093311607584976 1 
782 16171734311442468060 1 
783 1959749786070443075 1 
784 5610933650617118603 1 
785 9668796275712712025 1 
786 6142497841936022865 1 
787 5363205955495927802 0 14 91z06WNTJ8mpsA
788 17951200116583604252 1 
789 8940058522359715363 1 
790 10536938083329032906 0 30 5JbenDk70XoAYnAfKX8betOU1KA0V2
791 12507369303972169147 2 
792 4344417761466929411 0 15 D6JwEJT0R0oaf87
793 8785632843407526405 1 
794 16754461858591479344 1 
795 18078704522292714697 1 
796 9729360163703945872 1 
797 7660078275932351115 0 13 evO6UiBgoUc0o
798 2704504499151264033 1 
799 15814093311607584976 0 28 pitvSac4eoi2AKwXQQFc414g2sk1
800 1842804481149636559 1 
801 14393244926444766948 1 
802 14489342741472589960 1 
803 13781601620997913983 2 
804 7660078275932351115 1 
805 18229852057261507518 0 17 ysDfuMzqrOF6yJ520
806 8195004127890369322 1 
807 16069456809926747971 1 
808 13724939255913783057 0 22 qsxVdrj2obDTTXSKOoXSmq
809 7122929962323939293 1 
810 8229132734256480515 1 
811 17951200116583604252 1 
812 10846999130408300326 0 30 hyWXv0AlhAZIM2jrS1GHYg1PCqBmYg
813 3182111741785545751 1 
814 15146435191032489325 1 
815 2005589202847387391 1 
816 5981962159569774617 1 
817 8195004127890369322 1 
818 10460805299543981198 0 31 rMrbDIcRXB8YYIPh4vNU9zPsXJjnvld
819 17951200116583604252 1 
820 14005765585385410155 1 
821 10846999130408300326 0 30 wkH5qqd9DKB8ggHf39CMt0Fcbyi5Jz
822 7051813292852188535 1 
823 7906979519041572909 1 
824 6814345271682101065 0 32 Ytvf6EoFsSUXVciqVg55H1lKLk8YSCp0
825 3953081273930632356 0 12 dCwRPoutKPV2
826 3550761916368823635 1 
827 4682966972940469268 0 12 xKnFdYOAyYzw
828 5124213330008658313 0 9 ZncyCOs6i
829 4808866585277739015 2 
830 12374846011094352936 1 
831 132674738059994229 0 24 kaJ3LZervopTll4RIs1F4P78
832 415246236605943544 1 
833 12339299260419366443 1 
834 1524684734737968799 1 
835 5404974985281903802 0 9 mUY53Dxwz
836 180520813055169937 1 
837 7051813292852188535 1 
838 6373489111555615831 1 
839 18166175710329718809 0 13 B1MY7TgQBVDNg
840 9994806703530907482 0 8 HCCU96Uu
841 13520524303921906814 1 
842 385142293601192638 0 17 8CU8Y2DzhdAArVoac
843 12565602711042967631 0 14 p8KyFmqhxCbILn
844 10205452286825282687 1 
845 10536938083329032906 1 
846 4968592081874667851 1 
847 18160482212696129308 0 19 b6xNeXMUMSoJfY7MVKx
848 13526006325532627640 1 
849 15503067530362604722 2 
850 5993719820833616079 1 
851 11574747251834416633 1 
852 4243007892328524813 0 8 vgE2bcg9
853 4057531551733239790 0 23 TOum4SsQxCMin2Br0PXH4Sw
854 5610933650617118603 1 
855 6705606517152012923 1 
856 7694374861092098768 1 
857 14393244926444766948 1 
858 11060765886321381978 1 
859 10536938083329032906 1 
860 15442091321185664965 1 
861 17038597094896382980 0 24 wzEh0OY0l3GnUC3ujw1OkFUv
862 5253078956772509385 1 
863 724078209416751354 0 16 7oT1lijl4FmpH2cl
864 17534612581447859024 1 
865 8060492361857845453 1 
866 12411904848214349871 1 
867 5987274444189553779 0 31 slFD6OADAcCvKvhO9TDQTp9dSmW4PmM
868 9401730666160469220 1 
869 2324320329322553428 0 12 QbxZm7Bz3Tsi
870 8417034927302405887 1 
871 14657000249802508330 1 
872 16828035297900956991 2 
873 11191731233676186278 0 24 DHLjJiTfwzFKYCtLI4IJXA1M
874 5617823247609439907 1 
875 4057531551733239790 0 13 BAxTTek98Q35f
876 17109626502920505491 1 
877 13365955495244280470 1 
878 9799863787269455656 1 
879 9579376082532522423 1 
880 6116541384420953229 0 8 pPPAZZW8
881 6858098697155038357 1 
882 17134363293104365487 0 8 E9jttrzH
883 2509777068565162624 0 15 uIhiYenqqAfFXpm
884 15746699045014154578 0 27 vM2Bb9tS0kRIcVAtAsPmeFdosqL
885 2779146818107083161 0 27 Q0Wn0fM9Yo7GDPtiYkqQ9d4OEqE
886 4627655318440084831 0 30 ufas9NspjzLV7ciUTO2DFTKqVi2Mu4
887 17740442777848702251 1 
888 12542971918271967346 0 22 hrSae9X0feaL93k9ExaYl6
889 14489342741472589960 1 
890 12936565612853753899 1 
891 9942563568483239509 1 
892 12350624443781190104 0 23 dNSB1cgzFLZaSaKbmFCI0GU
893 18407141118114220513 1 
894 4255150025728640518 0 31 daW8a9V3IVdzUsI2SialJLyTdzh8kNj
895 6693696692935172759 1 
896 10367280400267594124 1 
897 8436894803938223632 2 
898 7373808987192346380 1 
899 15442091321185664965 1 
900 3082337799297302703 1 
901 14193081722369622718 1 
902 14393244926444766948 2 
903 18032600798807985072 0 32 VBqqAJS91YrMHDIUhoreJT7T30TuxtSQ
904 18251522796842410833 1 
905 9418309084334387029 1 
906 4627655318440084831 1 
907 15118483724304758607 0 17 ZDBvSMBw3xmgGFljG
908 4682966972940469268 2 
909 5616453988376905651 1 
910 5448989710111133873 1 
911 423193964805197330 1 
912 180520813055169937 1 
913 1767481742521316925 1 
914 10536938083329032906 1 
915 14997092967379339475 1 
916 4627655318440084831 1 
917 11304955682700451570 1 
918 109277936928735600 0 8 BzKrFXax
919 12339299260419366443 1 
920 1054620743978150694 0 30 z9T4GINagKCcTyS58UdJTv9gQjdB3l
921 6919417532958664002 0 15 uW6BnSjTmu3FsUI
922 4568781526486419076 1 
923 17361088754116049644 1 
924 4111510025933775851 0 29 O3C6hM9SR9KwETjgBCQ5Ddvhwtdp8
925 10384810049807906328 0 13 V4obl8iBYpVU3
926 4353901056878026944 1 
927 918756654089821529 0 24 8N7DYl6GhzrU5s6aut9d1poZ
928 5404974985281903802 0 14 gEEOMZVX8EdOvc
929 11427624963089995789 0 12 5UGxNOaNDMuq
930 3161101471542439596 0 22 Xq8vDiOiqdMCWwPucTPrQk
931 14076078000300765753 1 
932 11427624963089995789 1 
933 12717538879619233349 1 
934 8889998209070193186 1 
935 17313305914332482064 2 
936 83853235388437366 0 18 o4fzk3hae1kBy85YbU
937 13081396225399021796 1 
938 12507369303972169147 1 
939 1977571326083640627 0 27 IICFCw3Hb21ciaHjKSfQXC10XzD
940 1195145851022337921 1 
941 614775802564290052 0 32 oDTy9UFkVFMDnbw53aWZmVZJUmPOFQb1
942 12963645808850940948 0 25 0mVDU0SpDDQ7JSfp1RKajnK8B
943 12921262361104224379 1 
944 5404974985281903802 1 
945 5381754783445832814 0 8 XvGkPGBC
946 5656631497235316835 1 
947 12099893605573047997 2 
948 4870184379375136093 0 10 3CU4bncKau
949 6116541384420953229 1 
950 7694374861092098768 0 23 y6CT1SCPgNb5jCcPFmtHLet
951 5665362823735639455 0 21 l5vB1N77Zb92nYg89mrKM
952 1120575897903202503 1 
953 1380639267942457345 0 25 pRki5xS8sd9DiHnHQn4wTA5D2
954 6529906491483132105 1 
955 6789041045680415844 0 9 xdKm35S82
956 8923060098463935942 0 17 sTO4CfrT3cWz3g3Hg
957 17361088754116049644 1 
958 9616482402451923613 0 12 QF7TKYZKQoBu
959 12339299260419366443 1 
960 13382148924009959752 0 28 4Xue3thkwwONjJi9ZocrM9CmwLg9
961 5448989710111133873 1 
962 18032600798807985072 1 
963 2509777068565162624 1 
964 7373808987192346380 1 
965 11550757456794810546 1 
966 918756654089821529 1 
967 13781940724601822923 0 10 bjjkGVK8rR
968 14217751359049410346 1 
969 3742615685498988213 1 
970 11338850258409829563 1 
971 12542971918271967346 0 18 SlGJzY0uZgmzeNhL5x
972 14345257477180796221 1 
973 8060492361857845453 0 23 pJJCwZh5Z9ooQnMRgv5Stjo
974 9579376082532522423 1 
975 2324320329322553428 1 
976 13232156069097090428 1 
977 11550757456794810546 2 
978 730877116109147469 0 16 qsGlRvoy2bmTM6s2
979 18229852057261507518 1 
980 10330475244126754838 0 25 FRh6uZJP8LE0axPVlNYM8zhCr
981 4200512032568450623 1 
982 9356361499874742710 0 13 OPU6WNdnml90l
983 91810742187213658 1 
984 11096861439768795011 1 
985 9154970557072522073 1 
986 18286092922044894249 0 20 bjioYQ0Ka4j0YnUtQHg9
987 9356361499874742710 1 
988 15503067530362604722 1 
989 9306486321048310933 0 20 MFX6E9qvvOLvhvxOvU9P
990 1038721383253067966 2 
991 4057531551733239790 1 
992 17740442777848702251 1 
993 6116541384420953229 1 
994 7051813292852188535 2 
995 176352947816495525 0 28 7dfERa9qt3Vp0tiU06qXlrDoVl1j
996 6537537303683095043 0 22 QCmdbMmRGnu3mllElr4Iaw
997 16138939384674468687 2 
998 13081396225399021796 1 
999 8434933434687725175 2 
1000 9985449377757393521 2 
